695699457 1
733997058 1
702803971 1
100000859272465 0
648071173 0
1286481926 0
662415367 0
501307402 1
100000955978497 1
584531985 1
523272210 1
561504276 1
620847125 0
1339050014 1
1067318277 1
583313442 1
1575399459 1
100004485162292 0
646657031 2
100003614612793 2
589623344 2
773394485 2
618741815 2
100000346811719 2
530853951 2
516016193 1
1523597380 2
100001229268188 0
1337464903 0
1475674185 0
1500438602 0
100000674348996 0
1140895823 2
100002301801822 1
532990034 1
100000736697696 1
1178253398 2
100000346082889 1
1554271588 2
856150110 2
605173855 0
100001396096365 2
100004459386643 0
1356130409 0
733036650 1
100000879431037 2
1042849906 0
573646965 0
100000241343876 2
721272852 0
100000486818961 1
12411005 0
100004233162122 0
1050980479 1
648917120 2
1525296832 0
9105538 0
428163 1
1362262148 1
1729797142 1
100003386590611 0
1197457089 1
1342812296 1
1455378569 0
13711498 2
1147147287 2
1317333132 1
736823438 0
100005136541083 0
1450201233 0
638357650 2
540545731 0
100000411516321 2
1637795989 1
1204023447 0
8845464 2
1676118383 0
733962396 0
1832949918 0
1532068152 2
1331642530 2
817332388 1
1541148846 2
745138352 1
507035828 0
100000019795395 2
100000584990151 1
100004935484873 0
558747839 0
609341632 2
1701966020 0
1164814534 1
1009602763 1
1116605474 0
1324822736 2
1588645923 0
100001551613574 0
652953816 1
100000781123049 0
681213306 0
1100480734 2
630450399 0
692682979 2
1038854374 2
845060327 1
635676905 1
1245155564 2
100001648272893 0
659454198 1
1377796343 2
719984892 2
100003063328266 0
1458370820 2
1432090326 2
1161552136 0
1255565577 1
1506677002 6
100000772544484 0
689398031 1
100000213360157 1
596095251 1
100002597474278 0
714340636 0
1414789406 1
100004789871932 0
1095743778 2
100000460156464 1
593858852 0
100002413661748 1
1042956584 6
100003074614842 6
1531482418 0
8804659 1
1072585014 0
729336120 0
100002015970887 1
100000143760969 0
1062007102 1
744997183 0
1441628482 0
100002527061584 0
100001983292133 1
519229765 1
100000673623637 1
100001464946262 0
100001428125274 1
100000944862814 1
516663634 1
1166317907 1
1495916886 0
1533931725 1
627915099 1
100000235495018 1
1192884575 0
100002303121007 0
508658024 2
650463597 0
1447524719 2
100000672407165 2
100001472427646 0
26300789 0
1312661879 2
100001533818502 6
5281959998 1
1590202749 2
1184440704 1
700397956 0
511783307 5
704029070 1
1385613711 1
100003124253349 0
100002126184096 1
100000615820961 1
100001556130470 0
100002651485867 0
1608346017 0
828455334 0
612581105 1
1699615146 0
1215652267 0
100002011080379 0
676647348 0
100003948400299 0
707221943 2
100001295750856 6
668942780 0
100004709914316 0
100002376040142 0
736059842 1
100002028555960 0
1490799045 2
100002033012438 1
1432218058 0
519590347 0
100000754470618 0
633786832 2
100002620215006 0
38410710 0
523252183 1
1363161560 0
699566556 1
32602589 0
1092110814 0
1240590816 6
100003384241902 0
100004012408560 2
588614117 2
100003659970296 0
612283474 2
1615147502 0
100002813733557 1
711457267 1
1075292660 2
1069761015 0
1105785339 6
9800189 4
100002457624333 0
100004036369420 0
1005050371 0
685124100 2
1018139143 0
780534283 0
100004045586201 0
1267647385 1
531016209 1
100000702437154 1
100000171505446 0
100000784142119 0
100002010928937 0
1332187909 1
500064804 2
100003775604532 0
100001131315000 1
100001001830202 2
100004218883093 0
100001703008071 0
1461323871 1
663609917 1
100003800379216 0
748685892 0
502932037 1
100001232277306 2
100000189660185 2
623647307 2
100000065779545 0
100005126796827 0
626784850 1
1602993934 1
536945240 1
100002717540198 2
727847514 0
686406235 0
100001162237153 0
738617949 0
100000026201964 1
100000200632173 0
100000689811311 6
100004401393351 0
100001900108955 0
100000724388894 0
100004319641466 0
100002719274876 0
100000404883329 0
618510965 2
602290806 2
1463499383 2
100002985025415 0
534784638 0
1572233856 0
671658627 2
100002705440759 1
519236232 2
7027337 0
100003505213335 0
100000783219962 0
1483569806 1
809659025 1
2407058 2
1624330009 1
100002868352933 0
100001326733222 1
100000308780968 0
1623282335 0
100003580452783 2
100000712402866 0
692624038 2
100000098402233 0
651174574 0
621468337 2
1067297459 0
636396215 0
100000652650438 0
692869821 0
100000579049420 2
661222082 6
783444675 1
100002200197074 2
1417927 0
100003575053905 0
559551180 0
100001834483674 0
100003577157595 0
743480015 0
1313876691 2
613278423 2
1276328882 1
1214477023 1
100002683566064 0
100003369010910 2
100002921044361 0
100000075204599 1
1014348527 0
738142962 2
626275060 0
1407326969 2
1075710714 2
1075486847 0
1257947903 1
697215749 0
1345553158 2
100001050048910 0
100000288754597 0
1529978327 0
100000156395546 0
100001081147422 0
1429687059 1
1093112601 1
690148125 1
100002425161771 2
1381927712 2
1165853474 2
1721558050 0
100003198382131 1
1454689065 2
100000063331732 0
100003011098681 1
100000185194554 2
1639967535 1
1830937394 2
100000809216065 0
100000878622786 1
100002391011519 0
1500781376 1
1081549634 2
1224033091 0
1491864389 1
1493037894 1
737157959 1
100000685924443 0
100001571496028 0
1228800849 1
566783459 2
1383496535 2
1437447002 2
1090517853 0
522075621 1
326832927406624 0
1127498593 2
1209656163 0
1213104996 2
100002146486389 0
13620075 0
709624684 2
100001938247812 2
100004036186245 0
564503419 0
100000161851529 1
100003005831311 2
663315333 1
59802502 2
1405184909 1
100000621361311 0
653005720 2
1010281369 6
100000252025000 2
100000440598699 1
1370326512 0
759772067 2
753195940 1
746359727 0
546927538 6
23316979 0
57904052 0
806472629 0
1636116297 1
720381428 0
654826426 0
1555588029 0
100000583764171 0
1598581422 2
1101925312 2
100001215033552 0
1272574917 0
100000797505747 2
530964300 2
100001890138327 2
100000614213039 0
1360591769 1
100000177187044 0
1327852708 1
1306629085 2
1309852107 2
1702999007 2
100001422784750 0
1250851810 1
891735011 0
100001874182386 2
566297574 0
100000396547166 1
1168526312 2
100004157043464 0
677895146 2
1076495339 1
169551423136713 2
545653744 1
100004012284158 2
1395274738 0
100000205365505 0
100001148040320 2
5817345 3
1478243331 1
1015682053 2
523336711 1
100001278513921 0
1538972686 0
1624687789 2
1659595794 0
518048787 0
1341383702 2
689839127 2
1471366171 0
25300002 0
573303845 0
171400230 2
1454398641 2
48202793 1
606532109368455 0
604146731 1
720911538 0
666401838 1
100000115689578 1
1614259379 2
1203592244 2
100000743705707 0
100003498162502 2
688122938 1
1083376702 1
100004366203622 0
741014593 2
1348123717 0
100000694946131 1
1613134689 0
524985418 0
578088014 2
1534571601 2
546931794 2
664962131 1
709430356 1
652346453 2
1516594264 1
694000733 2
577729631 0
564059232 1
1709732368 1
1006613604 0
1636214231 2
100000896204574 6
100001321888118 6
829344878 1
1556063343 1
100000861213058 0
100001254435207 0
682833020 2
100001562262647 1
753104001 0
679828611 2
100001579708819 1
1702601580 1
709358733 2
1393333392 2
1634739348 1
100003087008165 0
1163492506 1
1101341851 1
45405342 0
1070306463 1
100003207145901 0
805635236 0
9626790 1
782777511 0
1749972136 0
1285004461 2
100001024174523 1
570018993 1
686261426 1
506637491 1
100000534828161 0
100005437893062 0
1489167552 2
1767178443 1
100002493553105 2
1522621640 0
100000197761495 0
1333126351 1
100001039458783 2
1702706389 1
1284617431 0
822187224 1
100000093327153 0
1514097871 2
679965917 2
100000193084210 1
100001051192456 0
1628450022 0
1718234344 0
552391915 1
1739924716 2
1133774062 1
699927795 0
1155585270 1
1395864825 1
1453276411 1
570952959 0
100001549466127 0
693155078 2
1604074711 1
723420428 2
100004618477710 2
1171531309 1
1489442065 0
667723027 6
58010905 0
100004936442424 0
100000092055698 0
100002409902637 0
569558309 1
580214057 2
1643410731 0
100000777964761 0
652238136 1
100001890937414 0
830395706 1
100000102117962 0
66805054 0
544734529 0
521882957 0
1454484814 0
1118135631 0
737287506 0
18100110 1
100000535444067 2
612115801 1
1108335962 0
1082721632 1
1301601636 0
100000740690547 2
1079340393 0
643734891 2
100003615973624 2
100003562279550 2
811582835 0
100000634374790 1
1046797690 0
1303031163 0
748049788 1
100002102661770 2
100001526264464 0
599811460 0
544383896 0
1560775918 0
617866137 1
507196824 2
122502553 0
100000049484455 1
100004074996392 2
100002258655058 0
100000501906097 0
665585063 0
596821416 2
1353305513 0
1246638 0
100001134056125 0
69000626 1
1547123955 6
839839157 2
1061725624 0
556686777 2
1171830204 2
100000518103755 2
776828355 1
1610479045 2
661245382 1
1187777995 2
100004145046801 0
1543501262 0
1350660003 1
709459412 0
100002234656216 0
1303234007 2
822474200 0
500164058 2
100000031722770 1
100000150708970 0
1008410192 0
601558498 0
752381411 0
1077560805 1
100000650611447 0
745325138 1
582778352 1
652492273 1
749884916 1
660172280 0
1541645817 0
1215994 0
100002335101452 0
1625544188 0
798864893 2
1441730046 1
100003493682872 2
100001302512398 1
655033858 0
1402007046 1
100001411136276 0
1807543818 1
100001177854820 0
718734860 2
100000163293978 0
1155456531 0
100003327083299 1
607731223 1
100000375651110 2
1321096732 1
1157576282 1
100000212937516 1
1673166368 2
463557190330503 0
712482054 2
8402470 1
100000223982388 2
1085265453 1
590872112 1
100000380691264 0
100000197245761 0
100002051679042 0
100003154652694 0
1421575738 1
100002859771736 0
100002709336909 2
1264655937 0
100000810648404 0
100001236660370 0
100004283615595 0
1088061007 0
585823824 0
100002371942342 0
1101870676 2
1040338519 2
631635546 6
1346732303 1
100000870105608 2
100000621255198 2
1172405866 2
100000070009720 0
609951344 1
100000215014270 2
640353908 0
30500469 0
100001669348229 0
19304057 2
100003536089993 2
1359668862 2
100005581898635 0
100001453746381 1
100005281809294 0
100005677360015 0
551276164 1
1031349896 0
100000273394583 0
900585102 0
39603855 1
782392980 1
719961752 1
1673471940 0
100000566817703 0
641330845 1
100001653345196 2
100001526033326 0
1056870050 0
642481832 1
1018717867 0
100000509213913 0
566967984 1
100003360254911 2
620263091 1
1226901172 2
100004142589824 2
1471872699 0
1486251709 2
1485905355 1
725212863 0
1517772480 0
537208513 0
100001043192785 0
719034057 1
1682689738 1
687615693 0
1113265875 0
1280593622 0
1523238619 2
1388477392 0
100000827661295 2
100002242896881 6
1491902182 1
100000701985787 0
1077317361 2
685919987 0
1510923902 1
1577875192 1
1457272788 2
313164 0
1081925374 1
100001138336780 1
1507329792 1
100004231025677 0
1044817673 0
507799308 0
1025333006 1
1239906065 0
504461075 1
667174681 1
587333406 2
162139207302061 0
1572960036 1
846915366 6
100004051467316 2
100000356672567 2
548020011 0
1410271023 0
679492232 2
774962998 0
1353881402 1
100000223140937 0
1370584905 1
1656354635 0
610428748 2
100000559272102 1
597094225 1
100000146531423 0
100001206535408 1
1024872277 0
615466839 1
643735385 0
1311039322 6
673752924 1
100000817160775 0
100000556344427 0
607729505 1
1286856546 1
100004553133167 0
100000576967793 0
100000464565365 0
522590057 2
100000126375031 2
592191340 1
100001100234655 0
1415290014 0
100000715525244 2
1139048307 0
1817587572 2
1569127742 2
1040813947 0
100000389941496 1
1756798852 0
117000172 0
1391636770 1
1753971010 0
738938766 2
1086461839 0
1146630032 6
640180113 2
767827858 0
1738160025 1
1798741697 2
1525344157 0
100000826393499 0
1261440931 2
1360945060 1
100001520200958 0
804110248 0
60800940 1
100001368345786 0
639958958 0
100001943482989 0
1044936630 2
1168052154 2
1749358581 0
100000421637325 0
100003608413391 2
337124519693607 0
1231484868 1
580206535 0
26501064 2
100000660415704 2
1059565516 1
703137743 0
187901908 1
100003227586580 2
100005801832541 0
1546883039 0
1105500129 7
100000526914799 0
1201174499 0
100003203454193 2
787064807 6
1596684265 0
711491562 1
754489324 2
1258438994 1
100000242599163 0
100001287113982 0
1649717237 1
1729226742 2
100001212345607 2
100002210700555 1
100000323717730 0
