5817345 0
584531985 0
11319297 1
501307402 0
559972098 0
570787855 15
524763000 0
523272210 0
518048787 1
561504276 13
582778352 0
38308886 0
554152983 12
513783833 0
573646965 0
530414304 1
552616005 0
572662816 0
566967984 0
15615010 1
500064804 1
573303845 1
8402470 1
570018993 0
48202793 2
523336711 2
546927538 1
589623344 1
552391915 0
74900025 0
585866079 0
13810750 0
277701183 1
516016193 0
570284320 2
12107331 0
8803908 0
197001797 0
600778724 0
2329159 0
589746760 0
561019288 0
1228874 1
550330039 0
605108737 1
578088014 1
585823824 1
532990034 0
536945240 1
596205498 0
577729631 1
6718560 0
576364304 0
591473250 0
540484027 0
583837286 0
512372839 10
549573736 2
568895639 0
549599851 0
589837586 0
577351415 0
565659760 0
586615409 2
98903667 0
30500469 1
602290806 1
214000489 0
507155064 1
19304057 1
558747839 1
556001171 0
12411005 1
534784638 1
46210687 0
9105538 0
428163 2
8849028 0
564059232 0
569410694 0
595221619 1
519236232 0
7027337 2
13711498 1
582176395 0
39603855 1
597066909 1
2407058 1
8224195 0
588273814 0
535820057 1
8845464 1
577926255 1
564344602 0
45405342 2
505312496 0
502368417 1
549183650 0
579143291 0
9626790 2
544382119 0
607731223 2
532698794 0
566806395 0
8829613 0
151000644 0
522997192 0
506637491 0
507035828 1
583953438 0
542831561 0
587471548 0
37518015 1
609341632 1
537208513 1
540545731 0
605501049 1
500757366 0
588198598 0
1417927 1
559551180 1
25300002 1
32101837 7
505057488 1
935633 0
545843145 2
596095251 2
515027065 2
593858852 1
539430983 0
524913003 0
500054748 0
517972702 1
503285983 2
507404512 0
549834960 0
506218723 0
171400230 1
607383782 0
52204241 0
530853951 1
605173855 0
6914283 0
506023660 0
8379629 0
36922606 0
8108784 0
601558498 1
530538739 0
516116203 0
580021498 1
543958779 0
533201660 0
521813829 0
570952959 1
513011970 0
604146731 1
524350934 1
2248967 1
555538184 0
566153431 1
507799308 8
579893005 16
522590057 1
31107856 2
509583565 0
504461075 1
537828629 0
68702487 0
58010905 1
523670810 0
500164058 1
587333406 1
607729505 0
564503419 1
33900833 1
104200996 0
569558309 14
529165685 0
580214057 1
582031943 0
548020011 1
20004140 5
558819231 0
560781105 0
8804659 0
8805173 0
7605385 0
504342842 0
576907743 1
66805054 1
513572064 1
36105027 0
187702596 2
519229765 2
525632838 1
568000737 0
522550583 2
313164 1
521882957 1
22907214 0
518497617 0
516663634 0
575364947 1
531016209 0
8609622 4
548658521 0
532799322 1
564623708 0
520223581 2
522075621 2
607427728 0
537385316 1
582046565 0
580426859 0
508658024 1
12410217 0
13620075 1
592191340 0
538707827 1
26300789 1
67900278 0
589832063 1
515899768 0
583313442 2
521221183 1
526268309 0
35902337 0
15708194 0
599811460 1
5100421 1
59802502 1
4100487 0
587647669 2
550723052 0
596821416 1
511783307 9
18100110 0
601813572 0
544383896 1
580206535 1
517354307 0
500946325 1
609951344 0
590872112 0
507196824 1
122502553 1
569306534 0
34803613 1
525806494 0
502932037 1
505020222 0
500903842 0
589202851 2
562724260 2
590941125 0
528973121 0
530849191 2
516816296 0
599851945 0
502832711 2
60800940 0
1246638 3
542654365 1
607559061 0
69000626 1
71001011 0
57904052 1
513653175 0
588614117 1
556686777 1
580682170 0
509645471 0
524985418 0
29908928 6
587696066 0
40004035 0
528719813 11
544734529 1
513653921 0
26501064 2
530964300 1
519590347 1
218061 0
144200655 0
187901908 1
38410710 1
523252183 0
16313306 2
292900315 2
32602589 1
8807390 1
510931423 2
555966157 0
566783459 1
548962276 1
12202469 0
566297574 1
597094225 1
539810793 0
580146238 0
117000172 1
546931794 1
545653744 0
556290906 1
551276164 0
23316979 1
585625076 1
1215994 1
579104251 0
9800189 0
557146622 2
602932223 0
