100004145046801 0
100001723671829 1
584531985 1
523272210 1
561504276 1
620847125 0
1000603671 1
100001867031849 1
682663966 1
100004485162292 0
100004789871932 0
1368752177 1
1067297459 0
1588830262 1
618741815 0
1523597380 0
552616005 1
1475674185 0
1228874 0
726818893 1
100000870105608 0
1589157976 1
100000209883080 1
1593532521 1
733036650 1
1598169106 1
100000247639387 1
1042849906 0
1367687287 1
721272852 0
611360892 1
12411005 0
1075486847 0
100003386590611 0
100005136541083 0
733962396 0
549183650 1
817332388 1
1332166821 1
1210597549 1
507035828 0
1287282871 1
100004935484873 0
1767178443 1
509583565 1
1818132689 7
1588645923 0
1101480151 6
859275483 0
1100480734 0
507404512 1
568000737 1
692682979 0
751681768 1
6914283 1
1270784239 1
100001648272893 0
530538739 1
1377796343 0
667033859 1
1161552136 0
689398031 0
1501356322 1
1042956584 0
100003074614842 0
1532068152 0
100002015970887 2
1183580476 1
744997183 0
1441628482 0
100002527061584 0
1658003793 1
1258438994 1
1495916886 0
100001414190407 1
508658024 0
1211000210 1
1708482933 1
1312661879 0
683303288 1
100000595797639 1
5281959998 1
500946325 0
1184440704 0
805937537 1
100000525682323 1
613704071 0
704029070 2
100001556130470 0
817586590 1
786203046 0
1133978023 1
1215652267 0
100002011080379 0
1300685237 1
580682170 1
540484027 1
668942780 0
1500438602 0
736059842 0
661438918 1
1309852107 0
100003369010910 0
100001772250852 1
1623605736 1
691692010 0
528282617209205 0
100001400441525 0
1410253298 1
1150960118 0
1069761015 0
557146622 1
100005697160971 0
1211867657 1
780534283 0
1446076945 0
685851156 1
1246638 0
1188176406 0
642957851 1
100000650864428 1
500064804 0
100001658021683 1
100003775604532 0
100003227586580 0
1418019373 0
100001436501820 1
1422565936 1
100000609699647 2
74900025 1
647021114 1
663609917 0
277701183 0
197001797 1
100000925132630 1
1127424586 1
100002859771736 0
745325138 0
100000033843043 1
536945240 0
100000200632173 0
1435959906 1
100000004548471 1
100001727899513 0
1369279335 0
100000404883329 0
1809285750 1
1572233856 0
1042236034 0
702685832 1
1305109131 1
100001540782802 1
100000712402866 0
651174574 0
636396215 0
100001413334981 1
676930233 1
1038951102 1
1839399619 1
100000126820458 1
1417927 0
100000300337110 1
100000109995992 1
613278423 0
517972702 0
755098342 1
1354072809 0
100000075204599 0
100001857360120 1
706470646 0
717112056 0
1492537471 1
533201660 1
1257947903 0
1345553158 0
1528283914 0
1303234007 0
100000156395546 0
822474200 0
681255701 1
100001037723684 1
100001325787175 1
100000063823932 1
100002425161771 0
1165853474 0
1721558050 0
1236050728 2
1313497901 2
1318503218 1
100000950454336 1
100000809216065 0
1081549634 0
1224033091 0
737157959 1
100000032606294 1
1228800849 1
100000115689578 0
1673053024 1
1039033185 1
1209656163 0
1213104996 0
100002146486389 0
214000489 1
1702601580 0
100003997853819 0
100000879790213 1
1390560122 1
564503419 0
100000161851529 1
100000650611447 0
632546180 1
663315333 2
1205396358 1
1228915593 1
544383896 0
1267647385 1
728802202 1
100001206535408 2
599851945 1
1848533937 1
71001011 1
791667644 1
1555588029 0
100000583764171 0
100001453746381 1
100000156428499 1
1357898699 0
1331642530 0
100000177187044 0
8807390 0
100000075213037 1
100000115804400 0
566297574 0
612271081 0
1076495339 0
100000457317130 1
545653744 1
100000577865989 1
100000889809160 1
100000268069130 0
602932223 1
1431512065 1
1776649223 0
566783459 0
1341383702 0
1471366171 0
727925792 1
1212458018 1
100000019605808 1
1681785896 0
48202793 0
606532109368455 0
1090517853 0
1061004337 1
1083376702 2
1023444032 1
654582849 1
100001252665681 0
100000694946131 0
524985418 0
746202188 1
793904207 1
100001843243357 0
546931794 0
664962131 0
652346453 0
253376871341542 0
1516594264 1
1291215966 0
613870437 1
6718560 1
100001321888118 0
688325739 1
100000898697593 1
640762989 1
1556063343 1
100001254435207 0
643327104 0
569410694 1
669787278 1
100001370704285 1
1634739348 0
1101341851 0
597066909 0
100003207145901 0
805635236 0
9626790 0
1465599143 1
1246454952 1
1624687789 0
100001024174523 1
686261426 0
1614259379 0
100000068923749 1
100000859728326 1
100005437893062 0
806454464 1
100002234656216 0
100000742943186 1
100000387967791 0
1333126351 1
651740370 1
100004036186245 0
1324822736 0
1739924716 0
1568744686 1
774563063 1
1625892094 0
1232758019 0
100000347032082 1
1780163848 1
723420428 0
787334413 1
667723027 0
1071768852 0
1479795996 1
100001236660370 0
569558309 1
100001289136699 1
1319994681 1
100001030026856 0
840549693 0
1171268928 2
1450131680 1
525632838 2
1118135631 0
518497617 1
773432660 1
100000323717730 0
100001650731619 1
612115801 0
1082721632 1
100000740690547 0
653002098 1
811582835 0
100000634374790 0
1781716544 1
599811460 0
1513833874 1
100000444451492 1
838878616 0
8803908 1
814540194 2
589202851 1
665585063 0
596821416 0
1589470633 1
100000296954552 0
1708934574 0
1419888048 1
100000440598699 1
1061725624 0
100000199901375 1
783164881 1
1621263826 1
100000070131888 1
811222486 1
1636214231 0
500164058 0
1077560805 2
660727274 0
1370326512 0
100001253174014 1
720381428 0
1541645817 0
715711994 1
655033858 0
663586310 1
718734860 0
694183437 2
100001635018256 1
845850133 1
748303962 1
100000212937516 0
758720034 1
100000423398194 1
1171531309 1
100000363727675 1
1421575738 1
1506677002 0
100001283452190 1
833185360 2
1485776465 1
1616070228 1
1400858199 1
1346732303 0
1018734172 2
1226663518 0
583837286 1
100001248185204 1
1158694510 1
100000380840830 0
98903667 1
640353908 0
30500469 0
579143291 1
1359668862 0
626452096 1
8849028 1
1031349896 0
100000273394583 0
100000281250722 2
1429687059 1
668116634 1
753198748 0
1533200029 1
100001653345196 0
100001526033326 0
1367049890 0
100000746327048 1
1027868328 1
789243562 1
1018717867 0
1041778351 1
100003360254911 0
1226901172 0
1486251709 0
537208513 0
752264902 0
709624684 0
717295874 0
1005946573 1
935633 1
100000618318815 1
100000736351793 1
1523238619 0
1620985576 1
549834960 1
100001177857021 1
1245341435 0
1507329792 0
1044817673 0
1760200459 1
507799308 0
1810179853 1
100000724388894 0
1334920979 1
1744103192 1
667174681 1
846915366 0
1552156459 0
1639057197 0
1410271023 0
752993928 0
1552844599 1
1239607098 1
1060251452 1
783640382 1
1331865411 1
1636116297 0
313164 0
714894307 0
1690822487 1
673752924 2
100000743705707 0
808200031 1
100004553133167 0
1518331753 1
100000715525244 0
538707827 0
1424271227 1
100000081046668 0
100001588087952 1
1390872460 1
100000091622555 1
100000288754597 0
556001171 1
1102333844 1
100000751380625 1
1525344157 0
558819231 1
1078093735 1
660834220 1
100001368345786 0
1700153265 1
754755511 1
100000205365505 0
100000163293978 0
100000421637325 0
587696066 1
1673471940 0
545843145 0
100000777964761 0
703137743 0
1444595666 1
675522515 1
187901908 0
1609148385 1
600778724 1
787064807 0
117000172 0
100001358425338 1
100001287113982 0
1729226742 0
1485416439 1
753330168 1
1256941562 1
695699457 2
733997058 0
648071173 0
1286481926 0
662415367 0
1743669256 1
570787855 1
100000728706334 0
1062643740 1
786253853 0
1339050014 1
583313442 0
1343301667 0
100000405695805 1
100006091111359 0
677963828 1
1116653622 1
100000346811719 0
100001543884105 1
516016193 1
1826138184 1
100000023965017 1
1284466766 0
532990034 1
1461323871 0
100005064399815 0
100000612543859 1
1356130409 0
565659760 1
1099081841 1
573646965 0
753002614 0
100004233162122 0
777365633 1
428163 0
1317333132 1
100000710888858 1
736823438 0
622487696 0
1637795989 1
568895639 1
502368417 0
100000418082223 1
1440180391 2
1153730729 1
1424320684 1
100003562279550 0
745138352 0
100000019795395 0
100000999501255 1
1164814534 0
100000440905174 1
1116605474 0
821561037 1
515899768 1
652953816 1
503285983 2
506218723 1
1038854374 0
635676905 1
1226000621 1
762816755 1
100003063328266 0
610773251 0
100000614213039 0
1255565577 0
100001657540120 0
1381689614 1
1540533293 1
666401838 1
33900833 0
100000460156464 1
1819642148 2
100002413661748 0
708634930 1
729336120 0
504342842 1
100000346082889 0
1459472704 1
1540966723 1
100000673623637 0
100001464946262 0
22907214 1
516663634 0
100001925525091 0
1131014496 1
676481385 2
524913003 1
650463597 0
1676118383 0
1385613711 0
1470646675 0
100000615820961 0
100003948400299 0
1608346017 0
100002028555960 0
664725932 1
100001076530876 1
1044842928 1
100004401393351 0
676964798 1
40004035 1
1490799045 0
100002033012438 0
1432218058 0
100000754470618 0
100002620215006 0
1644562899 1
1562733012 1
100000477482726 1
699566556 1
1092110814 0
576907743 0
1240590816 0
100003384241902 0
543958779 1
1630095844 2
588614117 0
1316678127 1
100000315248382 1
23316979 0
1075292660 0
1393256950 0
827664889 0
9800189 1
100004036369420 0
685124100 0
100000240447253 1
825174543 1
1571850768 0
531016209 1
1185753619 0
1388161561 0
100000784142119 0
1549347362 1
100000093327153 0
100001232277306 0
1771099912 1
100004218883093 0
1449470524 0
100000917225837 1
100003800379216 0
748685892 0
2329159 1
1600277064 0
100000189660185 0
100000288796509 1
1733167699 1
100000037826408 1
738617949 0
100000026201964 1
591473250 1
1531636323 1
1016482409 1
586615409 2
1418324594 0
100001561063296 1
1826663028 1
1210624630 1
1027517048 1
832990314 1
534784638 0
1210018431 1
100004709914316 0
686754435 1
1832716933 0
519236232 0
100003505213335 0
712288913 1
1185950365 1
1178405542 1
1222060711 1
1598581422 0
752347825 1
1443924659 1
587647669 0
100000190943176 0
100001214689211 1
100000260550605 1
783444675 0
725232326 1
1620306639 1
100000479473630 1
1313876691 0
1671113430 1
735890136 0
100002597474278 0
100000257322998 1
1367904722 0
738142962 0
1075710714 0
1478445819 1
757123837 1
759196418 1
697215749 0
100000112034190 1
100000223982388 0
31107856 1
691251987 1
100001621135396 1
630385435 0
673032988 1
1381927712 0
100003198382131 0
560781105 1
1454689065 0
1639967535 0
36105027 1
1467132740 1
1491864389 2
100000803164243 0
100005801832541 0
100000665555040 1
1039747928 0
100001694724202 1
100000095760494 0
1447881573 1
725322599 1
100000905547898 1
100001938247812 0
1525877625 1
1369484165 1
1310772102 1
1405184909 2
1360161681 1
669837123 1
1010281369 0
100001326195111 0
525806494 1
100000997101750 1
1171311533 1
746359727 0
100002391011519 0
57904052 0
806472629 0
811374409 1
690187192 0
1293216697 1
1101925312 0
100001215033552 0
100000689000657 1
590941125 1
610428748 0
722463692 1
16313306 2
100000272748783 1
891735011 0
1168526312 0
544382119 1
100000551391487 0
813924862 0
100000428208388 1
1630268411 1
637316093 1
1451404289 2
615466839 1
613911564 1
100000475382202 1
1659595794 0
518048787 0
38308886 1
723913752 1
638569500 2
583953438 1
25300002 0
1041312803 1
573303845 0
604146731 0
699624493 0
100000109850946 0
1272507448 1
688122938 0
734991868 0
1727679552 1
100000477876564 1
578088014 0
100000142504286 1
709430356 0
687459414 0
1251069016 1
100001827451250 1
1350421610 1
652905580 2
829344878 1
777612402 1
100000861213058 0
100000459436421 1
1033505913 0
100001579708819 1
7605385 2
100001541452183 1
1749470352 1
1009585303 2
1327852708 0
1663143082 1
570018993 0
506637491 1
615222472 1
726710135 0
100000970813914 1
1514097871 0
566806395 1
100000208651208 1
1628450022 0
1718234344 0
1560775918 0
699927795 0
698109174 1
580021498 0
570952959 0
750308614 1
1604074711 1
100000138760733 1
58010905 0
1491315997 0
718318879 1
100002409902637 0
1292643620 1
1035455781 1
1481895213 1
100000102117962 0
1402506563 1
521882957 0
1338060110 1
100001484739172 1
1418341722 1
100001943482989 0
1554271588 0
733760871 1
1079340393 0
100000295219701 1
529165685 1
1303031163 0
100002102661770 0
526268309 1
100001526264464 0
100001412093487 0
100000888582810 0
544734529 0
1312353688 1
100000049484455 0
502932037 0
569306534 1
1353305513 0
100001134056125 0
100000960755541 1
839839157 0
650939836 2
100000284725962 0
661245382 2
522997192 1
1187777995 0
100003006100187 0
100000211751646 1
646218630 0
753323479 1
292900315 2
601558498 0
1453276411 2
724733350 1
1428129043 1
1197551090 1
585625076 0
1627770360 1
1215994 0
579104251 1
100004157043464 0
1441730046 0
1402007046 2
1807543818 1
463557190330503 0
1262061489 1
691072552 1
100000833606454 0
1654173226 1
1254067760 1
100000109703999 1
100001643041602 1
1552715320 1
657575486 1
100002709336909 0
1185680962 0
100004283615595 0
100000411546456 2
1245802060 1
1537737314 0
628616783 1
1040338519 0
1091440224 1
732745332 2
19304057 2
100003536089993 0
551276164 1
1605316230 1
582176395 1
100000675204303 0
39603855 0
1772056210 1
100000566817703 0
641330845 2
1056870050 0
100004142589824 0
100001682551752 1
1071410877 1
1525296832 0
1213509316 1
100000509213913 0
1682689738 1
687615693 0
100000626234335 1
1280593622 0
1160883928 1
1250160345 1
100000638374889 1
100000208892915 1
516116203 1
506023660 1
729946066 1
100000366859259 1
1077317361 0
685919987 0
580214057 0
100004231025677 0
100004936442424 0
36922606 1
1624330009 0
1545727773 0
652218145 2
1504710435 1
728559417 0
1415868220 1
100003124253349 0
100000491869267 0
613775329 1
1370799415 1
1328790840 1
1024872277 0
1030131556 1
100000063247476 1
625594216 1
100000126375031 0
100001148040320 0
1817587572 0
66805054 0
1278701433 1
1040813947 0
804114306 1
528973121 1
1658949514 1
738938766 0
1146630032 0
1460719507 1
34803613 0
500903842 1
1350660003 2
100001164506289 1
100001520200958 1
1218457517 1
1468526515 1
1168052154 0
1623282335 0
100000943740111 1
1059565516 1
100000626284463 1
100001162237153 0
1454484814 0
100001212345607 0
1494036446 1
1546883039 0
100000526914799 0
100002813733557 0
100001206662385 1
1277865964 1
1649717237 1
726904822 2
100000500061445 1
1215549437 1
702803971 0
100000859272465 0
1581412369 2
100000472388896 1
1592360281 2
100000031722770 2
15708194 1
1575399459 0
100001261704501 1
1236135983 1
589623344 0
1610584115 1
773394485 0
1301860406 1
655102010 1
530853951 0
539430983 1
1041797196 1
1140895823 0
100002301801822 1
100000652650438 0
856150110 0
100001290728814 1
512372839 1
1234890860 1
100000954054013 2
1529319537 1
100000185395147 0
515027065 2
1050980479 1
648917120 0
632975489 1
9105538 0
1342812296 0
1455378569 0
100001463235996 1
1450201233 0
638357650 0
1134957251 1
1510846614 1
1204023447 0
100000291853748 0
1298329772 1
1541148846 0
100001768953290 2
558747839 0
609341632 0
1701966020 0
100001416582613 1
1009602763 2
1533931725 0
505057488 0
1413812433 1
566153431 0
681213306 0
1197945552 2
100000975566322 2
607383782 1
1706644177 1
1245155564 0
684667130 1
513011970 1
2248967 0
1016451338 1
100001561470948 1
100005126796827 0
596095251 2
68702487 1
100000094828069 1
100004618477710 0
1053987104 0
1391636770 0
593858852 0
1517769000 1
662466857 1
100001782281788 2
1531482418 0
1062007102 1
519229765 0
100001428125274 1
100002335101452 0
100000944862814 2
100000873125471 1
1504825690 1
1483624795 1
100002303121007 0
100000115086965 2
100001472427646 0
26300789 0
100001533818502 0
1148277114 1
1590202749 0
1121956222 0
4100487 1
511783307 5
100000017962650 0
100001180554910 1
1784156563 1
1034432921 0
675074459 1
100002651485867 0
786051488 0
1801466273 1
1699615146 0
664490411 1
1771401648 0
660894129 1
676647348 0
100001295750856 0
695046592 1
100000317175504 1
519590347 0
633786832 0
631165394 1
100001719678689 1
634556885 0
523252183 1
1363161560 0
562724260 1
510931423 0
1074606561 1
12202469 1
100000421267465 1
1581806058 1
100003659970296 0
1643319788 1
1615147502 0
790973865 1
1105785339 0
100000873971043 1
1018139143 0
1709732368 1
100000702437154 0
100000171505446 0
100002010928937 0
1721987616 1
707203627 0
100001001830202 0
100001703008071 0
601813572 1
100002258655058 0
100000646305620 0
589746760 1
100000065779545 0
556686777 0
727847514 0
705106537 1
100002719274876 0
507155064 0
671658627 0
817468045 1
100001570690971 1
803738258 1
8224195 0
1003672345 0
100002868352933 0
100001326733222 0
509645471 1
100000879431037 0
1103557282 0
100000358683347 1
1017426598 1
1600172712 0
100000278640568 1
778007222 1
100002371942342 0
1221792444 1
100000579049420 0
661222082 0
540545731 0
100002200197074 0
588198598 1
100000241343876 0
559551180 0
100003577157595 0
1701589712 1
52204241 1
1439232724 1
100000772544484 0
642577118 1
1214477023 2
100002683566064 0
626275060 0
1728557816 1
703058684 0
758108927 1
1332187909 0
1094581719 1
100000185194554 0
629581396 1
1093112601 0
29466 0
690148125 1
100002040412212 0
100000063331732 0
100003011098681 2
1830937394 0
100000878622786 0
1004540732 0
517354307 1
1493037894 1
1848406857 1
100000720590941 1
752381411 0
1437447002 0
826872667 1
582046565 1
13620075 0
689181551 1
500757366 1
35902337 1
100003005831311 0
5100421 0
100000115701908 1
688337801 1
100000621361311 0
1170518932 1
653005720 0
1533744025 1
100000252025000 0
1338176412 1
759772067 0
1615819693 1
663393199 2
546927538 0
100000955978497 0
1637913531 0
1453519810 0
1272574917 0
100000797505747 0
542831561 1
100001890138327 0
218061 1
702206926 0
144200655 1
660172280 0
100000290625760 2
1306629085 0
1702999007 0
100001422784750 0
100004012284158 0
1395274738 0
1478243331 0
1015682053 0
646657031 0
1595937803 1
100003203454193 0
1133774062 0
100000760609056 2
1147147287 0
641864729 1
556290906 0
100001624054074 1
679523380 1
100003498162502 0
728298555 1
580146238 1
521221183 0
326832927406624 0
100001130174801 1
1127498593 0
1192440905 1
644027470 1
1534571601 0
612283474 0
769168468 0
1311052889 1
577729631 0
1006613604 0
549573736 2
577926255 0
100000532715901 1
100001076912928 1
100000209910145 0
1690293366 1
682833020 0
753104001 0
873690244 1
1357132937 1
709358733 0
1393333392 0
100000642521507 1
1712788635 1
100000776853930 1
45405342 0
1070306463 1
1157035168 0
1749972136 0
654300329 1
100001051192456 0
100001886632386 1
1296093305 0
100002493553105 0
67900278 1
1075705032 1
100000197761495 0
1264039117 1
1284617431 0
822187224 0
679965917 0
1578146001 2
552391915 1
505312496 1
1115313395 1
1155585270 1
1395864825 1
1672396330 1
100001549466127 0
693155078 0
100001052705593 1
100000555620887 1
1470559499 1
1489442065 0
589837586 1
705262871 1
1363387268 1
523670810 1
100000092055698 0
59802502 0
1643410731 0
814437677 0
100000380691264 0
1662637368 1
830395706 1
630450399 0
792155452 1
1508635966 1
100002051679042 0
688747848 0
1548531028 1
100000535444067 0
885380443 2
100000119082483 1
100000154729079 0
100000713390712 1
1169732982 0
748049788 0
100000061774486 1
1282160021 1
617866137 1
507196824 0
100000501906097 0
1644606885 0
100000810648404 0
1171830204 0
100000115161805 1
776828355 2
1610479045 0
717696588 1
100000928987863 1
32101837 1
1543501262 0
1183159759 1
524350934 0
844535256 1
100004366203622 0
1300272611 2
1773950437 1
1257616878 1
749884916 0
697906683 1
1625544188 0
798864893 0
666039809 0
640177667 2
100001411136276 0
100000979537493 1
640919811 1
100000375651110 0
1321096732 2
100000193084210 0
8402470 0
1085265453 1
648123950 0
1294177841 0
100000197245761 0
100003154652694 0
1569920571 1
1042339392 1
151000644 1
585823824 0
1345615441 1
1273493074 1
1101870676 0
1157576282 0
1127831133 1
622245479 1
1039685226 1
100001430543229 1
100000215014270 0
100001669348229 0
605501049 2
100000762815352 1
900585102 0
1313814160 0
1368610452 1
1422317225 1
532698794 1
620263091 0
680416201 2
100001464908744 1
100000688724940 0
100001043192785 0
719034057 0
1596922146 1
100000882654171 1
1113265875 0
1432090326 0
100000827661295 0
100001309087966 1
617273066 1
1305401076 1
1577875192 0
100005581898635 0
100001753472010 1
100000396547166 1
100000961264653 1
555966157 1
555538184 1
100001364548632 0
727930636 0
579893005 2
1025333006 2
1239906065 0
504461075 0
535820057 0
564344602 1
1041717023 1
1572960036 1
100001667732371 1
100004051467316 0
1269192491 1
784619313 0
100001140530243 1
1353881402 0
1461188411 1
100000223140937 0
1078105923 1
100000557202514 1
1370584905 0
1656354635 0
100001640813468 1
607729505 1
100001019300384 1
522590057 0
100001562262647 2
100001371151482 1
1556010871 1
629323647 1
1660278657 1
681392002 1
100000389941496 2
1611962250 1
100001900108955 0
1086461839 0
1599903637 1
1660475287 0
1738160025 0
1023629218 1
1340299171 2
1026963375 1
681621425 2
1044936630 0
1625348030 1
1231484868 0
1154897868 1
830838738 1
1457272788 0
100001074076900 1
1207883738 1
1105500129 1
1201174499 0
760264680 1
1596684265 0
754489324 0
100000783219962 0
1749358581 0
678413311 0
100002210700555 2
11319297 0
5817345 1
501307402 1
100000510795032 1
1647024144 1
513783833 1
100003614612793 0
100005281809294 0
1122932797 1
720218464 1
1216164875 1
1337464903 0
1742739530 1
550330039 1
100000198409563 1
100000736697696 2
1178253398 0
1150572632 1
1019418717 0
605173855 0
100001396096365 0
1343379554 1
782638779 1
100004459386643 0
736901227 1
1519089772 0
1077065847 0
1302773781 1
1618761855 1
1362262148 1
1798741697 0
13711498 0
554152983 0
1101682828 1
100000411516321 0
588273814 1
8845464 0
1832949918 0
1013332129 1
100000416464303 1
100001425210800 1
100000601112001 0
618469557 1
1780963512 1
100000584990151 1
1634941117 1
572662816 1
100000940613074 1
699693254 1
100000600530388 1
15615010 0
1353674445 1
872675537 0
1126250709 1
1490483419 1
100000781123049 0
1800263901 1
845060327 1
802740462 1
1065703668 0
659454198 0
719984892 0
1436580093 1
1458370820 0
100000546864664 1
100000213360157 1
855382289 1
642218261 0
644550361 1
1439996184 1
1092901145 1
714340636 0
1414789406 1
570284320 0
1095743778 0
1538791720 1
1505376555 1
100000162020926 1
8804659 2
1072585014 0
100000143760969 0
1753971010 0
100003575053905 0
1166317907 1
627915099 0
564623708 1
100000235495018 0
100001646288291 1
1192884575 0
537385316 0
723630443 0
1447524719 2
100000672407165 0
100001551613574 0
100001092992647 1
100001048845961 1
1636424061 1
700397956 0
100001375903381 1
1325447565 0
1050082250 1
100002126184096 1
100000701985787 0
561019288 1
100000716349094 1
689052064 0
1455135137 1
706599331 1
828455334 0
100003493682872 0
513653175 1
100002376040142 0
1495841218 1
742095301 0
577351415 1
1750260173 1
38410710 0
32602589 0
1558986491 1
1032051173 2
1624898031 1
711457267 0
1120836085 1
649468411 1
100002457624333 0
605108737 0
100001340538639 1
1005050371 0
1163311629 1
100000896204574 0
1849227794 1
100000110583584 1
100000378842813 1
100001131315000 0
1851398710 1
100000247725894 1
1624398395 2
100004564983634 0
582031943 1
623647307 0
626784850 0
100000181362532 0
100002717540198 0
686406235 0
615209575 1
549599851 1
100004319641466 0
1067203184 1
1250900594 1
618510965 0
602290806 0
1463499383 0
100002985025415 0
679492232 0
7027337 0
1589557899 1
1483569806 1
2407058 0
100001626193828 1
100001801355174 1
100000308780968 0
100003580452783 0
692624038 0
100000098402233 0
8829613 1
100000874849322 0
621468337 0
100000009936831 1
100000674348996 0
100000988864456 1
587471548 1
692869821 0
37518015 0
1607006916 1
1551833800 0
100001834483674 0
743480015 0
162139207302061 0
791083734 1
803199703 1
100000981336040 0
500054748 1
530414304 0
778115814 1
100002921044361 0
100002705440759 2
1014348527 0
8108784 0
100001143693310 1
1407711992 1
1407326969 0
1199782655 0
100000883671053 1
100001050048910 0
665737998 1
100001081147422 0
1479801621 1
104200996 1
618634024 0
1128073692 1
760331053 1
719928111 1
100000167780414 1
8805173 1
1500781376 0
1838701381 0
100000685924443 0
100001571496028 0
100004012408560 0
1253071700 1
1383496535 0
1510177627 1
520223581 0
585866079 1
1613134689 0
737811303 2
100000661681225 1
1418894188 0
100001107075199 1
724974458 0
100000338264201 0
100004557725838 0
1360591769 0
1667652510 1
752100507 1
753195940 1
100000030441653 1
100000695792391 1
1336556458 0
655686573 1
1154333614 1
1170365359 0
1040735153 0
1276328882 0
654826426 0
1278638581 1
766868426 1
1388477392 0
1250851810 1
100001874182386 0
597094225 0
539810793 1
677895146 0
100003615973624 0
1798249458 1
1458486260 1
1565481979 1
660323324 1
1067318277 1
523336711 0
100000904339735 1
100001278513921 0
1538972686 0
1268628499 2
1527651348 1
1729797142 0
689839127 0
532799322 0
171400230 0
1143954478 0
1203592244 0
13810750 1
761175103 1
741014593 0
1348123717 0
100004045586201 0
1469733969 1
100000576967793 0
694000733 0
564059232 1
1473772649 1
580426859 1
100000464565365 0
595221619 0
1093295231 1
1489167552 0
679828611 0
100000137257371 1
607427728 1
100003087008165 0
1163492506 0
673914012 1
1415290014 0
666000544 0
513653921 1
1059388581 0
100000808862131 1
782777511 0
1285004461 0
100003809755581 0
1454398641 0
720911538 0
100002307121600 2
100000534828161 0
621853888 1
100001808130515 1
1522621640 0
700832970 0
100001039458783 0
1702706389 0
1666505943 0
1019321562 1
100000805667307 1
513572064 0
1456119017 1
8379629 1
100000272974333 1
1547123955 0
661642490 1
1300651259 1
100001251729932 1
100001632256528 1
712482054 0
1225635032 0
537828629 1
100000486818961 2
1007918362 1
1259674907 1
1617976611 1
1175485735 0
708435241 1
100000545595959 2
100002119352888 0
20004140 1
1641110835 1
522550583 1
652238136 2
1531166009 0
100000817160775 0
1569127742 0
100000558350924 1
1158225217 1
187702596 1
737287506 0
18100110 1
100000651784094 1
548658521 1
1108335962 0
100000021160560 1
1301601636 0
12410217 1
100000112026231 1
643734891 0
100000784303206 1
1046797690 0
617561473 1
100000548479631 1
1400298893 1
607559061 2
122502553 0
1418075547 1
100004074996392 0
1188666783 1
1666973092 1
530849191 2
516816296 1
1403174317 1
634609072 1
69000626 0
1382792632 2
738672057 1
100000518103755 0
746692035 1
655121866 1
1485905355 1
1261440931 0
709459412 0
1529978327 0
100001983292133 1
1540840923 0
100000150708970 0
1144061410 2
522075621 0
730365417 0
550723052 1
582778352 0
652492273 2
100000032583877 2
1133886971 1
169551423136713 0
100001302512398 0
1155456531 0
100003327083299 1
607731223 2
712777243 1
1673166368 0
100001426504211 1
1586560554 1
618765868 1
590872112 1
1593638451 1
100001711981378 2
662224443 2
100000191611721 1
1488559680 1
1264655937 0
1156791874 0
12107331 1
707221943 0
502832711 2
100000689811311 0
1088061007 0
1008410192 0
642932305 1
1540734549 0
100001177854820 0
631635546 0
1699552859 1
782368350 1
100000621255198 0
1172405866 0
100000070009720 0
609951344 1
1483916563 1
1510923902 1
46210687 1
723295872 2
100000268534671 1
100005677360015 0
664534661 1
784948873 1
100000826393499 0
782392980 1
100000167183267 1
719961752 1
716586657 2
642481832 0
100000929063864 1
773480108 1
1582759597 1
566967984 2
1393008311 1
1471872699 0
725212863 0
1517772480 0
1197457089 0
868900550 1
788897481 1
1462943437 1
1184636627 1
100000926205147 1
100000671433699 1
100001229268188 0
100000925303787 1
100001039624754 1
100002242896881 0
1491902182 0
1165254375 1
748519144 1
617570031 1
612581105 1
100000376164235 1
818880251 1
1081925374 1
100001138336780 1
559972098 1
100000427514597 1
1602993934 0
576364304 1
1093631773 1
587333406 0
100000356672567 0
548020011 0
1117658932 2
774962998 0
505020222 1
521813829 0
530964300 0
100000559272102 2
100000146531423 0
575364947 0
8609622 3
100001890937414 0
643735385 0
1311039322 0
1391222621 1
100000556344427 0
1286856546 0
611882299 1
809659025 0
1642176360 1
592191340 1
100001100234655 0
1139048307 0
100002099643521 1
524763000 1
100001231430794 1
589832063 0
1756798852 0
640180113 0
767827858 0
542654365 0
695189408 1
1360945060 0
804110248 0
1601273769 2
60800940 2
639958958 0
734232497 1
1101152179 0
596205498 1
29908928 4
100000194741454 1
100003608413391 0
337124519693607 0
528719813 1
1171783622 1
580206535 0
26501064 0
100000660415704 0
1593466830 1
623976399 1
644325328 1
1503567843 1
548962276 0
711491562 1
100000246613241 1
100000242599163 0
1354702847 0